3481 3730 3729 -0.0011-0.0008
212960 273097 235566 235567 235568 -0.0081-0.0015
447155 447156 447157 -0.0012-0.0003
698821 698822 698823 698824 698825 -0.0042-0.0042
575658 575659 575660 -0.0011-0.0009
78824 78825 78826 -0.0054-0.0015
259616 259617 259618 -0.0017-0.0005
239487 239486 249766 -0.0009-0.0002
111070 111069 111068 -0.0003-0.0001
590522 590523 590524 590525 590526 -0.0104-0.0074
508320 508321 508322 508323 508324 -0.001-0.001
428900 428899 428898 -0.0003-0.0001
218351 218352 218353 218354 218355 -0.0039-0.0011
617264 617263 617262 617261 617260 -0.0028-0.0023
768888 768887 768886 -0.0023-0.0005
448336 448337 448338 -0.0001-0.0
153313 153312 153311 -0.0011-0.0003
138257 138258 138259 138260 138261 138262 138263 -0.0015-0.0004
9950 9951 9952 17205 17192 17193 17194 17195 17196 17197 19971 19972 19956 19981 -0.0113-0.0029
924474 924763 924522 -0.0039-0.0011
365845 365849 365843 365842 365841 -0.0093-0.0027
267102 267101 267100 -0.0003-0.0001
391955 403714 403715 -0.0005-0.0001
227245 227246 227247 227248 227249 -0.0045-0.0011
218562 218561 218560 -0.0002-0.0001
565797 565798 565799 565800 565801 -0.004-0.0011
269806 269807 269808 -0.0003-0.0001
356081 356082 356083 -0.0001-0.0001
632616 632615 632614 -0.0032-0.0009
860497 860426 860427 860428 860429 -0.0027-0.0007
487911 487291 487292 487293 -0.0034-0.001
254931 254930 254929 -0.0023-0.0006
659986 659987 659883 -0.0018-0.0013
81600 81601 81602 -0.0018-0.0013
183324 166253 166254 -0.0001-0.0001
118645 118644 118643 -0.0001-0.0001
570692 570693 570677 -0.0003-0.0001
851696 851695 851694 -0.001-0.0003
113455 113454 113453 113452 113451 -0.0006-0.0002
117542 117541 117540 -0.0005-0.0001
545436 545435 545434 -0.002-0.0006
412301 412516 419457 -0.0018-0.0005
473930 473929 473928 473927 473926 473925 89911 -0.006-0.0048
732363 732362 732361 -0.0007-0.0002
50850 627192 612760 870157 870158 -0.007-0.0021
440617 440616 456512 456511 456510 -0.0018-0.0006
416923 416924 416925 -0.0004-0.0003
307539 307540 307541 307542 307543 -0.0019-0.0005
898303 820160 820159 820158 820054 820055 820056 -0.0115-0.0024
728789 728788 728787 728786 728785 -0.002-0.0006
255103 255104 255105 -0.001-0.0003
238182 238181 238180 -0.0001-0.0
754203 754204 754059 -0.0074-0.002
836950 836949 836948 -0.0063-0.0017
720957 720956 720955 -0.0029-0.0007
84241 84242 84243 84244 84245 -0.0031-0.0021
161646 145850 161645 -0.0022-0.0016
572842 572843 891702 -0.0048-0.0012
643273 643274 643258 -0.0003-0.0001
350214 350215 350216 350217 350218 -0.0008-0.0002
442004 442003 442002 -0.0001-0.0001
413340 413341 413342 413343 413344 -0.0034-0.001
542615 542616 542617 542618 542619 -0.0056-0.0015
573960 573961 573962 -0.0016-0.0004
579705 579704 579703 579702 579701 -0.001-0.0008
285114 285113 285112 285111 285110 -0.001-0.0003
758164 758179 758216 -0.0038-0.0008
108671 108670 108669 -0.0001-0.0001
477041 477042 477043 -0.0031-0.0008
650187 650186 650185 650184 650183 650182 650181 -0.0003-0.0002
273966 245976 295952 -0.0007-0.0002
671931 671930 671929 -0.0012-0.0009
20175 20176 20177 -0.0001-0.0001
365792 365791 365259 365746 460845 -0.0122-0.0011
795140 795141 795142 -0.0018-0.0015
713523 713524 713525 713526 713295 713296 713297 -0.0027-0.0007
298266 298267 212993 298268 298269 -0.0014-0.0004
354540 173212 173213 -0.0017-0.0002
94166 94167 94168 94169 94170 -0.0021-0.0015
736473 736474 736475 736860 736861 920968 920969 -0.007-0.0011
153910 153911 153912 -0.0008-0.0002
688523 688524 688525 688526 688527 688528 688529 -0.0012-0.0008
426989 426990 426991 -0.0045-0.0012
634349 634348 634347 634346 634345 -0.0017-0.0005
43206 43205 19483 19484 14995 14996 14997 -0.0101-0.0023
50467 50468 50469 -0.003-0.0008
899160 899159 899158 899157 899131 -0.0042-0.0012
326836 326835 326834 357147 357146 -0.0018-0.0005
248794 248793 308746 308747 248835 -0.0037-0.001
69389 937840 937839 937838 937837 -0.0004-0.0003
887680 887681 887682 -0.0022-0.0022
169517 179532 179531 -0.0011-0.0003
797814 797813 797812 -0.0034-0.0009
612375 612376 612360 612377 612378 612379 612386 -0.0036-0.0019
888991 19585 19602 -0.0008-0.0006
315213 315212 315211 -0.0004-0.0001
288016 288015 288014 -0.0008-0.0002
525270 525271 525272 65713 -0.0035-0.0025
799715 799716 799717 -0.0021-0.0017
763196 763195 69576 761673 761668 -0.0039-0.0011
480172 480173 480174 480175 480176 -0.0003-0.0002
